40
0.060562 0.942934
0.394229 0.471144
0.937219 0.932889
0.243591 0.259056
0.338060 0.929149
0.245617 0.986246
0.587850 0.488260
0.771818 0.894098
0.741888 0.639771
0.009128 0.923038
0.054042 0.064156
0.289258 0.296086
0.319255 0.956349
0.805218 0.569889
0.213761 0.375533
0.128785 0.437189
0.381072 0.512592
0.420950 0.205079
0.814813 0.384201
0.502155 0.050541
0.709357 0.081568
0.574503 0.302022
0.039253 0.098582
0.100408 0.434016
0.834228 0.454153
0.242461 0.508993
0.675943 0.332270
0.726183 0.599843
0.136350 0.803325
0.231589 0.907479
0.933070 0.184902
0.646404 0.561210
0.537232 0.940763
0.958013 0.488955
0.196986 0.135021
0.740817 0.742469
0.478621 0.561161
0.183073 0.825718
0.134909 0.072343
0.188435 0.594701
